1617          0
2061          0
739           0
2019          0
937           0
470           0
925           0
2483          0
2791          0
752           0
2005          0
919           0
755           0
1486          0
2000          0
1224          0
2459          0
2658          0
1903          0
1874          0
1368          0
2396          0
1943          0
1301          0
39            0
2427          0
798           0
1277          0
1832          0
294           0
877           0
1814          0
854           0
2498          0
1876          0
1044          0
694           0
665           0
1640          0
2858          0
1596          0
2283          0
697           0
1658          0
403           0
1661          0
1134          0
2172          0
1622          0
1094          0
562           1
1837          1
2443          1
792           1
2556          1
660           1
1527          1
1393          1
2678          1
1386          1
2397          1
687           1
540           1
2545          1
272           1
2712          1
1364          1
2714          1
192           1
1844          1
2232          1
1809          1
2456          1
216           1
736           1
1729          1
623           1
2598          1
1713          1
1707          1
2523          1
1748          1
741           1
1544          1
822           1
1457          1
1511          1
1688          1
1548          1
2581          1
1552          1
758           1
651           1
1575          1
1790          1
1795          1
587           1
239           1
1533          1
599           1
150           1
1962          1
2006          1
1238          1
890           1
299           1
896           1
2777          1
16            1
1980          1
1215          1
1194          1
2342          1
921           1
2874          1
2878          1
2147          1
317           1
922           1
971           1
2146          1
472           1
469           1
2276          1
345           1
1116          1
941           1
1119          1
2829          1
51            1
1245          1
13            1
1249          1
1005          1
836           1
95            1
370           1
381           1
1919          1
516           1
841           1
1322          1
844           1
1003          1
382           1
353           1
846           1
2294          1
2189          1
2755          1
1966          1
1958          1
1298          1
1278          1
871           1
1284          1
1285          1
2149          2
2253          2
2186          2
2176          2
343           2
2129          2
1723          2
1663          2
385           2
2384          2
335           2
677           2
2388          2
2373          2
2407          2
544           2
1868          2
1865          2
1858          2
2363          2
2444          2
1822          2
2454          2
2358          2
2460          2
2351          2
2343          2
1773          2
1877          2
1757          2
1750          2
620           2
2024          2
442           2
331           2
1730          2
336           2
2374          2
2233          2
113           2
1363          2
816           2
1365          2
951           2
115           2
2694          2
118           2
122           2
1420          2
1435          2
1439          2
1043          2
1461          2
2650          2
2649          2
1345          2
772           2
975           2
969           2
939           2
1157          2
2823          2
2838          2
1173          2
1178          2
2789          2
1189          2
1123          2
965           2
1220          2
1240          2
2753          2
856           2
1319          2
98            2
1485          2
36            2
1497          2
1568          2
1590          2
2557          2
1004          2
725           2
2553          2
2550          2
1524          2
2628          2
1612          2
728           2
2594          2
2900          2
873           3
2728          3
2348          3
1542          3
1979          3
1222          3
894           3
642           3
874           3
513           3
636           3
295           3
2250          3
499           3
1212          3
912           3
483           3
2104          3
2116          3
1155          3
1133          3
2121          3
440           3
2291          3
2825          3
2290          3
2328          3
2799          3
2009          3
476           3
2798          3
2337          3
1587          3
369           3
1923          3
963           3
306           3
1708          3
2543          3
594           3
838           3
1398          3
2489          3
2622          3
126           3
565           3
742           3
2446          3
1744          3
2185          3
2883          3
2629          3
774           3
747           3
2648          3
994           3
1805          3
363           3
1440          3
156           3
2881          3
2494          3
1112          3
1330          3
2599          3
2376          3
1054          3
274           3
261           3
1022          3
2709          3
2614          3
2703          3
2393          3
1370          3
2880          3
2619          3
2265          3
1379          3
1040          4
1049          4
387           4
1088          4
2221          4
384           4
409           4
397           4
681           4
1908          4
435           4
566           4
1818          4
780           4
1811          4
578           4
1808          4
1437          4
1462          4
604           4
738           4
1536          4
1706          4
1584          4
663           4
600           4
805           4
543           4
1376          4
2075          4
2071          4
447           4
2048          4
1168          4
2004          4
482           4
488           4
1948          4
1921          4
1326          4
1895          4
1888          4
1344          4
1872          4
2105          4
1595          4
2908          4
2677          4
2262          4
355           4
2577          4
2877          4
2898          4
2268          4
2409          4
2786          4
2801          4
2602          4
71            4
2613          4
241           4
65            4
2802          4
2633          4
2411          4
188           4
2293          4
221           4
2686          4
178           4
2533          4
254           4
2653          4
280           4
362           4
291           4
123           4
2740          4
2760          4
2472          4
2255          4
2661          5
759           5
1073          5
984           5
1084          5
898           5
1644          5
323           5
1480          5
2788          5
1453          5
1475          5
606           5
2010          5
2849          5
701           5
1588          5
1585          5
909           5
2551          5
1578          5
1008          5
2378          5
1571          5
2352          5
1092          5
2835          5
680           5
1197          5
1159          5
2426          5
1635          5
449           5
915           5
2780          5
553           5
916           5
900           5
2350          5
1636          5
1678          5
1797          5
415           5
99            5
2130          5
1739          5
929           5
1020          5
2464          5
962           5
1166          5
94            5
2271          5
2467          5
1728          5
1323          5
2174          5
1253          5
2175          5
2507          5
2735          5
357           5
1007          5
100           5
1731          5
1389          5
1387          5
2313          5
1287          5
576           5
375           5
1244          5
2521          5
797           5
1281          5
2759          5
1267          5
1030          5
1418          5
380           5
445           5
1237          5
1682          5
1740          6
692           6
611           6
1764          6
530           6
1896          6
1204          6
1905          6
2473          6
1679          6
539           6
1664          6
1815          6
200           6
638           6
1148          6
2538          6
582           6
1138          6
58            6
213           6
928           6
555           6
1851          6
2514          6
1623          6
234           6
545           6
30            6
181           6
619           6
2593          6
2901          6
880           6
839           6
148           6
1327          6
146           6
2778          6
1489          6
2023          6
2866          6
1342          6
2133          6
1456          6
2126          6
2063          6
2069          6
1397          6
1242          6
1036          6
2304          6
1592          6
487           6
732           6
1206          6
287           6
1274          6
1272          6
1019          6
1956          6
360           6
966           6
296           6
1572          6
1095          6
1566          6
812           6
2751          6
1209          6
721           6
23            6
1982          6
720           6
1984          6
833           7
2732          7
2515          7
83            7
879           7
931           7
821           7
2750          7
93            7
1305          7
73            7
1357          7
2736          7
1589          7
1696          7
705           7
707           7
1201          7
1583          7
1574          7
685           7
1607          7
2547          7
2540          7
1210          7
2601          7
1530          7
153           7
1505          7
901           7
2641          7
201           7
895           7
2660          7
1665          7
2682          7
1186          7
1690          7
2708          7
1225          7
1275          7
17            7
2458          7
2325          7
1145          7
574           7
4             7
301           7
946           7
2449          7
1971          7
501           7
2067          7
1954          7
418           7
1932          7
1925          7
964           7
2436          7
2111          7
2311          7
527           7
427           7
2421          7
2380          7
2086          7
2017          7
404           7
1154          7
1973          7
352           7
467           7
2223          7
18            7
2222          7
982           7
1111          7
2034          7
2336          7
2383          7
307           7
2003          7
37            7
2179          7
2763          8
305           8
2238          8
1893          8
1547          8
1915          8
2018          8
2329          8
1083          8
1120          8
2868          8
1904          8
2371          8
121           8
2068          8
802           8
2036          8
2317          8
1564          8
2035          8
2604          8
1076          8
500           8
715           8
288           8
1421          8
2857          8
767           8
479           8
290           8
2907          8
2315          8
1509          8
2030          8
1479          8
160           8
120           8
1823          8
2723          8
2278          8
831           8
684           8
1702          8
2171          8
584           8
2257          8
1785          8
2508          8
1333          8
1781          8
76            8
1299          8
2219          8
2220          8
365           8
1765          8
1742          8
2252          8
82            8
1269          8
2243          8
2754          8
1343          8
834           8
1490          8
558           8
2700          8
1833          8
1848          8
2696          8
426           8
2899          8
2541          8
953           8
1347          8
1198          8
1046          8
2112          8
997           9
2021          9
872           9
1058          9
2634          9
2248          9
1472          9
2309          9
1471          9
824           9
1403          9
2140          9
1026          9
443           9
2721          9
1413          9
1029          9
2767          9
2771          9
102           9
1228          9
1065          9
2114          9
89            9
1404          9
2207          9
2902          9
349           9
2710          9
1759          9
2234          9
658           9
210           9
2516          9
177           9
1946          9
2367          9
2570          9
1899          9
1600          9
1555          9
1124          9
571           9
193           9
1873          9
267           9
674           9
1861          9
2331          9
2800          9
1829          9
2549          9
585           9
2463          9
2586          9
474           9
2334          9
227           9
42            9
1746          9
222           9
1774          9
2618          9
232           9
605           9
1778          9
2345          9
629           9
1171          9
60            9
202           9
226          10
948          10
1142         10
54           10
1827         10
2809         10
2180         10
2739         10
583          10
2726         10
1687         10
622          10
2482         10
2528         10
1771         10
832          10
1261         10
1318         10
246          10
2272         10
1709         10
2014         10
1831         10
172          10
1441         10
2039         10
2346         10
133          10
2341         10
141          10
659          10
1519         10
2627         10
2630         10
1477         10
1508         10
315          10
66           10
147          10
904          10
968          10
2863         10
1619         10
2301         10
1137         10
1641         10
198          10
1856         10
1423         10
271          10
686          10
2430         10
2369         10
791          10
125          10
2576         10
2567         10
1156         11
33           11
1181         11
2782         11
967          11
1162         11
1139         11
920          11
2812         11
889          11
691          11
2749         11
2027         11
628          11
1491         11
1492         11
1875         11
535          11
1512         11
2007         11
579          11
212          11
456          11
533          11
2375         11
696          11
2552         11
1983         11
502          11
1620         11
2362         11
1907         11
1642         11
285          11
2582         11
661          11
2642         11
1864         11
243          11
2254         11
1276         11
608          11
1302         11
1303         11
2486         11
87           11
2127         11
2713         11
626          11
224          11
2101         11
2095         11
2306         11
2690         11
804          11
1400         11
324          11
2679         11
2303         11
2535         11
2847         12
2448         12
2437         12
2392         12
2453         12
2347         12
1924         12
383          12
2210         12
358          12
407          12
410          12
2118         12
436          12
2059         12
2855         12
985          12
2026         12
322          12
466          12
318          12
1997         12
1993         12
1991         12
2862         12
2047         12
2462         12
1763         12
2827         12
2662         12
1232         12
2637         12
1405         12
1801         12
1515         12
1385         12
169          12
1567         12
1247         12
2542         12
1637         12
768          12
881          12
114          12
2787         12
644          12
1789         12
2826         12
2745         12
1286         12
1329         12
1469         12
1718         12
1698         12
2882         13
2088         13
2285         13
1312         13
2117         13
2744         13
2689         13
1289         13
2894         13
1432         13
1279         13
2100         13
2711         13
2875         13
1093         13
1482         13
1738         13
2438         13
2811         13
1839         13
2834         13
2434         13
2497         13
1172         13
1721         13
1684         13
1081         13
1117         13
1669         13
1638         13
1961         13
1604         13
1594         13
1531         13
2620         13
1998         13
1503         13
1500         13
2530         13
1015         13
1454         13
266          13
34           13
624          13
191          13
111          13
138          13
347          13
517          13
753          13
350          13
878          13
289          13
302          13
217          13
974          13
532          13
714          13
688          13
536          13
393          13
716          13
748          14
402          14
2667         14
2756         14
2435         14
2488         14
1296         14
749          14
2055         14
1190         14
1516         14
2447         14
1359         14
655          14
2247         14
2144         14
1107         14
829          14
2153         14
2168         14
2288         14
2226         14
333          14
1990         14
2904         14
2704         14
1442         14
888          14
2720         14
568          14
1001         14
12           14
2722         14
1911         14
1916         14
2012         14
303          14
2590         14
1031         14
1977         14
760          14
601          14
2748         14
1410         14
175          14
2470         14
1957         14
2354         15
2781         15
276          15
2277         15
776          15
1163         15
1390         15
101          15
2251         15
1412         15
328          15
67           15
2319         15
801          15
1174         15
242          15
2623         15
2764         15
1459         15
1510         15
1752         15
2853         15
1938         15
2850         15
876          15
134          15
2572         15
2230         15
2561         15
2028         15
851          15
2873         15
2037         15
1063         15
860          15
1246         15
2078         15
2672         15
718          15
155          15
1586         15
1593         15
2406         15
2081         15
1078         15
2584         15
2097         15
1018         15
1830         15
546          15
165          16
1414         16
2600         16
2606         16
903          16
2616         16
1177         16
1203         16
2699         16
1202         16
1195         16
1167         16
1307         16
845          16
1321         16
1187         16
1170         16
2674         16
2526         16
818          16
825          16
2415         16
208          16
152          16
107          16
1941         16
1949         16
598          16
2845         16
678          16
1978         16
1715         16
2155         16
2830         16
653          16
2079         16
1700         16
1703         16
1705         16
1741         16
514          16
2774         16
2279         16
784          16
279          16
1143         16
1863         16
771          16
1884         16
2312         16
735          16
1027         16
1720         16
15           16
2295         16
1920         16
1817         17
1975         17
1981         17
1265         17
538          17
1937         17
1297         17
170          17
512          17
1857         17
1775         17
1243         17
1667         17
1430         17
2389         17
2340         17
314          17
2326         17
2308         17
2428         17
2299         17
750          17
807          17
2457         17
815          17
1537         17
723          17
2246         17
2240         17
2236         17
230          17
379          17
2206         17
2202         17
2165         17
2108         17
654          17
434          17
270          17
1853         17
1223         17
980          17
910          17
47           17
1096         17
2666         17
2668         17
2659         17
960          17
80           17
91           17
32           17
2879         17
119          17
2697         17
806          18
368          18
62           18
914          18
2784         18
1293         18
1377         18
110          18
1290         18
811          18
973          18
378          18
1200         18
247          18
2574         18
2469         18
1103         18
1543         18
2413         18
1338         18
2399         18
1455         18
2417         18
2425         18
2305         18
2527         18
186          18
745          18
2531         18
1113         18
1164         18
2534         18
68           18
196          18
1528         18
1115         18
2656         18
2565         18
1745         18
2051         18
1701         18
2822         18
1254         18
1060         18
2184         18
2001         18
494          18
602          18
596          18
2856         18
503          18
1964         18
1900         18
1229         18
1836         18
1            18
646          18
2065         18
926          18
679          18
1675         18
1632         18
2591         18
1207         18
1685         19
388          19
2725         19
297          19
783          19
1153         19
710          19
1411         19
24           19
263          19
515          19
1629         19
1135         19
10           19
2429         19
1002         19
256          19
2885         19
1169         19
2451         19
2199         19
1879         19
2191         19
580          19
2731         19
1045         19
1099         19
2235         19
2231         19
2045         19
438          19
364          19
149          19
454          19
2808         19
2772         19
1526         19
348          19
625          19
2013         19
1743         19
2836         19
744          19
1660         19
1754         19
746          19
2289         19
2135         19
2292         19
670          19
79           19
2307         19
386          19
1601         19
1011         19
228          19
1248         19
2573         19
2585         19
140          19
179          19
1256         19
129          19
858          19
2596         19
1251         19
884          19
2680         19
2588         19
1308         19
163          19
2493         19
862          19
2503         20
689          20
1976         20
794          20
1066         20
461          20
2280         20
683          20
1042         20
2372         20
396          20
1704         20
338          20
671          20
437          20
2122         20
2805         20
421          20
2109         20
1328         20
1737         20
354          20
490          20
554          20
1388         20
1950         20
2261         20
182          20
391          20
2695         20
1534         21
575          21
105          21
465          21
524          21
2615         21
2281         21
2510         21
2239         21
311          21
645          21
2887         21
650          21
2684         21
1645         21
1470         21
116          21
2631         21
332          21
326          21
2632         21
615          21
2370         21
2773         21
57           21
757          21
2187         21
1219         21
789          21
2412         21
511          21
2851         21
74           22
1683         22
1835         22
733          22
1798         22
769          22
1214         22
2757         22
2224         22
2688         22
2267         22
2225         22
2737         22
430          22
1090         22
2310         22
1849         22
2333         22
2414         22
835          22
1231         22
2635         22
2611         22
59           22
563          22
976          22
372          22
2387         22
2038         22
1994         22
1989         22
778          22
2216         22
699          22
2404         22
282          22
1087         23
2792         23
859          23
423          23
389          23
1495         23
1615         23
401          23
351          23
1188         23
2169         23
702          23
395          23
2797         23
1605         23
2040         23
1141         23
2607         23
462          23
1928         23
2872         23
2505         23
938          23
1807         23
2410         23
2701         23
1294         23
2058         23
1384         23
2002         23
810          23
1069         23
1882         23
567          23
830          23
245          23
1810         23
1340         23
1766         24
2502         24
81           24
507          24
390          24
520          24
1913         24
724          24
1780         24
1760         24
1419         24
1626         24
137          24
2814         24
955          24
906          24
406          24
167          24
2511         24
453          24
1714         24
2229         24
1613         24
1422         24
293          24
1719         24
142          24
1582         25
2564         25
550          25
1862         25
158          25
1881         25
2094         25
2032         25
2087         25
2575         25
1570         25
2793         25
713          25
161          25
1263         25
819          25
464          25
1755         25
1609         25
2113         25
356          25
1147         25
1136         25
1380         25
1372         25
2491         25
1452         25
2509         25
2259         25
304          25
252          25
199          25
327          25
2471         25
1850         25
109          25
183          25
820          25
1401         26
868          26
754          26
2339         26
1655         26
657          26
2765         26
2424         26
2182         26
1375         26
2479         26
1467         26
756          26
751          26
2056         26
1624         26
2839         26
616          26
1736         26
2794         26
50           26
2705         26
1772         26
236          26
1539         26
917          26
2141         26
1064         26
1017         26
2284         26
2481         26
1611         26
1654         27
1180         27
799          27
2612         27
316          27
2338         27
441          27
2818         27
949          27
2820         27
1252         27
38           27
104          27
2016         27
788          27
1160         27
1235         27
1426         27
2768         27
1514         27
2670         27
2269         27
542          27
2215         27
249          27
189          27
1082         27
2876         27
551          27
1304         27
1104         27
184          27
2468         27
2566         27
813          28
1777         28
695          28
2513         28
195          28
1408         28
2049         28
2685         28
1726         28
2893         28
2228         28
2212         28
2085         28
2033         28
2719         28
366          28
493          28
2776         28
88           28
225          28
2043         28
1650         28
1268         28
1494         28
78           28
667          28
867          28
1940         29
2044         29
2123         29
2645         29
457          29
2841         29
2143         29
2824         29
1050         29
2408         29
630          29
1236         29
2022         29
1501         29
519          29
2020         29
471          29
1417         29
1213         29
1079         29
475          29
1273         29
1025         29
643          29
2353         29
1039         29
1786         29
1369         29
1085         29
959          29
1887         29
2490         29
2082         29
1820         29
1608         29
698          29
2275         30
2080         30
1032         30
2332         30
795          30
1633         30
785          30
1854         30
2738         30
2761         30
2603         30
1996         30
972          30
2905         30
1067         30
1951         30
117          30
22           30
924          30
2455         30
952          30
417          30
1052         30
942          30
1487         30
2638         30
2364         30
1227         30
458          30
1465         30
641          30
773          30
2478         31
883          31
2842         31
1371         31
2474         31
1987         31
597          31
1986         31
1834         31
595          31
1929         31
1855         31
808          31
1176         31
690          31
1074         31
2124         31
2188         31
2544         31
321          31
2137         31
1681         31
875          31
1271         31
1118         31
206          31
1569         31
1313         31
633          31
1320         31
41           31
2665         31
1722         31
2394         31
1724         31
1616         31
2783         31
837          32
1936         32
2865         32
1381         32
258          32
2145         32
1812         32
400          32
2867         32
2580         32
20           32
394          32
2159         32
1910         32
1483         32
787          32
49           32
269          32
106          32
1436         32
2785         32
2361         32
2555         32
2218         32
2273         32
446          32
168          32
2264         32
2592         32
56           32
2327         32
1523         32
1901         32
869          32
843          32
244          33
927          33
1603         33
204          33
1897         33
1546         33
1880         33
1828         33
1535         33
408          33
2162         33
2015         33
277          33
2500         33
1769         33
2053         33
1218         33
444          33
2804         33
44           33
2115         33
2864         33
1995         33
1944         33
268          34
2529         34
2161         34
2355         34
96           34
112          34
2476         34
2211         34
405          34
2204         34
171          34
505          34
2859         34
433          34
1952         34
2595         34
2664         34
1959         34
1283         34
556          34
1433         34
1434         34
1788         34
1109         34
1250         34
1332         34
1239         34
1053         34
775          34
2142         35
29           35
1358         35
2681         35
1902         35
1010         35
257          35
2833         35
1557         35
1606         35
392          35
1935         35
1968         35
334          35
1425         35
1869         35
425          35
1525         35
647          35
1677         35
1727         35
1270         35
882          35
1000         36
675          36
2518         36
656          36
69           36
40           36
2166         36
977          36
2390         36
779          36
2734         36
2125         36
1717         36
2636         36
893          36
19           36
1933         36
632          36
664          36
1362         36
1894         36
823          36
496          36
2675         36
264          37
1355         37
1671         37
1599         37
1942         37
414          37
2439         37
259          37
2687         37
649          37
2617         37
2525         37
669          37
2698         37
250          37
1316         37
1438         37
1127         37
340          37
722          37
743          37
528          37
1816         37
988          37
1838         37
2330         37
2173         38
2193         38
1800         38
950          38
1282         38
1130         38
2747         38
135          38
1866         38
1666         38
325          38
2379         38
2816         38
46           38
992          38
865          38
673          38
313          38
541          38
2107         38
2512         38
560          38
712          38
1770         39
1518         39
2154         39
1631         39
1028         39
1366         39
2536         39
8            39
934          39
1747         39
223          39
330          39
211          39
2492         39
1429         39
1431         39
590          39
2815         39
2377         39
1657         39
1399         39
719          39
2422         39
1934         39
398          39
2654         39
1689         39
908          39
468          39
136          39
1926         39
627          40
473          40
999          40
2517         40
897          40
2806         40
1680         40
1563         40
2795         40
2466         40
800          40
1565         40
2790         40
300          40
870          40
1529         40
2208         40
1128         40
1334         41
2357         41
2366         41
2077         41
1100         41
537          41
1659         41
1091         41
1939         41
589          41
1796         41
2029         41
2871         41
2706         41
1335         41
1165         41
717          41
2477         41
940          41
1152         41
2064         41
2092         41
2160         41
989          41
549          41
2167         41
2746         41
2496         41
1652         41
2892         41
740          41
1691         42
159          42
1006         42
2227         42
1553         42
1931         42
790          42
2356         42
75           42
2209         42
1819         42
2727         42
31           42
2103         42
2070         42
1051         42
2683         42
1184         42
2848         42
1348         42
2008         42
424          42
531          42
237          43
197          43
1545         43
2139         43
2093         43
1520         43
2398         43
1367         43
2589         43
2583         43
1262         43
613          43
450          43
27           43
1909         43
634          43
518          43
1799         43
1449         44
1337         44
1466         44
2194         44
1196         44
2011         44
1193         44
2741         44
1460         44
2136         44
1922         44
2213         44
1374         44
1625         44
668          44
826          44
534          44
2558         44
2062         44
734          44
2066         44
1674         44
2096         44
229          45
1415         45
913          45
885          45
185          45
572          45
2884         45
1733         45
1670         45
481          45
1559         45
828          45
1860         45
1762         45
1221         45
2465         45
2041         45
2316         45
298          45
1756         45
2646         45
547          46
777          46
852          46
235          46
521          46
2495         46
2163         46
1317         46
581          46
525          46
529          46
463          46
1784         46
1621         46
577          46
2400         46
1416         46
377          46
1806         47
2431         47
2707         47
2813         47
344          47
1791         47
2150         47
995          47
61           47
1264         47
144          47
2128         47
2119         47
1496         47
523          47
1458         47
124          47
1034         47
766          47
1230         48
504          48
639          48
2099         48
2432         48
2852         48
933          48
2506         48
1906         48
2657         48
652          48
2831         48
2475         48
2286         48
612          48
2349         48
2843         48
2300         49
2870         49
2263         49
180          49
451          49
635          49
1999         49
1749         49
1394         49
2499         50
2256         50
448          50
1551         50
2539         50
1493         50
954          50
509          50
730          51
842          51
2046         51
459          51
1581         51
1892         51
1373         51
248          51
2403         51
14           51
1144         51
2440         51
526          51
97           51
90           51
793          51
1802         51
1914         51
145          51
588          52
1216         52
902          52
569          52
1098         52
72           52
2249         52
2270         52
1122         52
319          52
1114         52
1383         52
2578         52
2151         52
943          52
1792         52
947          53
1859         53
2896         53
432          53
2702         53
923          53
1191         53
1199         53
961          53
2420         53
1955         53
1686         54
2            54
2568         54
1779         54
2651         54
1021         54
2840         54
2296         54
1395         54
1351         54
420          54
1963         54
2819         55
2569         55
2718         55
162          55
1013         55
1300         55
552          55
704          55
1478         56
2120         56
2365         56
1628         56
978          56
329          56
2282         56
761          56
782          56
1716         56
1473         56
3            56
609          56
77           56
1517         56
45           57
1653         57
52           57
278          57
1639         57
857          57
431          57
2323         57
452          57
2537         57
1211         57
1158         57
2762         57
803          57
1266         58
55           58
827          58
709          58
1782         58
190          58
337          58
2245         58
1140         58
1396         58
2423         58
1985         58
1125         59
48           59
987          59
1121         59
1311         59
2401         59
1464         59
2164         59
1336         59
1068         59
510          60
847          60
1324         60
2287         60
2385         60
2895         60
2442         61
1502         61
840          61
1573         61
484          61
637          61
9            61
2266         61
2766         62
1409         62
233          62
729          62
2810         62
253          62
506          62
286          62
2563         62
205          62
460          62
2715         63
477          63
2441         63
2742         63
127          63
1890         63
770          64
1648         64
7            64
1554         64
2134         64
2752         64
131          64
1969         64
1630         64
662          64
2106         64
2669         64
2560         64
1712         64
1597         64
273          64
1080         64
861          65
866          65
970          65
84           65
2608         65
1647         66
1488         66
1562         66
2241         66
1443         66
1618         66
1315         66
1953         66
2663         66
2579         66
1843         67
231          67
1614         67
1507         67
2733         67
1309         67
1402         67
413          67
2624         67
1192         67
1532         68
130          68
1448         68
2031         68
320          68
2073         68
1972         68
439          68
251          68
648          69
164          69
2903         69
1356         69
918          70
173          70
2318         70
796          70
848          70
1023         70
240          71
614          71
849          71
996          71
693          71
990          71
2548         71
367          71
1550         71
1602         71
1793         72
2828         72
700          72
214          72
2138         72
1556         72
2203         73
309          73
1075         73
1331         73
2445         74
2344         74
209          74
5            74
1059         74
979          74
497          74
850          74
592          75
1734         75
1484         75
1151         75
1841         75
1016         75
2274         76
2844         76
1824         76
2643         76
956          76
2571         76
1787         76
2501         77
1676         77
1751         77
2519         77
1711         77
341          77
2052         77
2072         77
762          77
1427         77
1561         77
936          77
154          77
1634         77
1295         77
2676         78
1506         78
1794         78
1057         78
1481         79
2480         79
373          79
2152         79
603          79
1960         80
1012         80
1226         80
1852         80
284          80
1110         80
2090         80
1071         81
1541         81
2691         81
1061         81
2102         81
485          81
1037         82
1695         82
1129         82
1185         82
2419         82
1767         82
2639         83
1725         83
1126         83
2609         83
2320         83
1945         83
207          83
2807         84
2386         84
945          84
132          85
283          85
1498         85
899          85
2652         85
419          86
2770         86
907          86
2821         86
1992         86
1694         86
1656         87
855          87
2587         87
2729         87
1288         87
991          87
1643         87
2195         88
1871         88
1062         88
1710         88
1258         89
676          89
998          89
1233         89
892          89
1444         90
194          90
1783         90
763          90
1292         91
2197         91
2621         91
731          91
944          92
1391         92
92           92
2298         92
887          92
1580         93
1047         93
2098         94
2395         95
43           95
2532         95
2132         95
522          96
2803         96
0            96
1476         96
1912         97
2181         97
2461         97
905          97
2025         97
310          97
1048         98
621          98
2177         98
930          98
480          99
1776         99
1175         99
2381         99
2487         99
489          99
359          99
1033         99
2110        100
2170        100
1361        100
1132        100
376         100
1646        101
2889        101
2205        101
346         101
2730        101
2846        102
399         102
2192        102
495         102
70          102
911         103
411         103
275         103
2724        103
1070        103
53          104
2196        104
993         104
2083        104
11          105
1089        105
1758        105
1513        105
2368        105
1407        106
2554        106
781         106
1768        107
2452        107
1041        108
339         108
983         108
1146        108
1627        108
564         108
1306        108
1826        109
591         109
2520        109
570         109
2626        109
1241        109
1692        110
2131        110
618         110
2297        110
2906        110
218         111
265         111
640         111
2314        111
1965        112
765         112
203         112
958         113
371         113
981         113
631         114
2148        114
1255        114
85          114
610         114
63          115
1930        115
561         116
174         116
727         116
1056        117
1257        117
478         118
2655        118
1813        118
2485        118
1161        119
726         119
1349        119
262         120
2861        120
2743        120
1280        120
1106        120
1149        121
2717        121
1538        121
1804        121
1446        122
1927        122
1352        123
1447        124
2158        124
1699        125
2758        125
2817        125
2382        125
128         125
2854        125
1891        127
2089        127
1350        127
1970        128
1732        128
1234        128
2504        129
1662        129
737         130
1845        131
498         131
2644        131
2886        132
2258        133
1753        134
607         135
1108        135
86          136
557         136
1183        137
1131        137
1097        137
342         137
1918        137
1451        138
486         138
1558        139
1974        139
361         140
1591        140
1055        140
1024        141
26          141
1086        141
2832        142
2242        142
1217        142
2214        143
2324        143
1649        143
1291        144
2190        144
986         144
1353        144
143         144
157         145
2391        145
1463        146
166         147
1917        147
1672        147
2597        148
2775        149
2647        149
308         150
1878        150
1576        151
1947        151
1825        151
1382        152
2360        152
1803        153
176         153
573         153
817         154
491         155
2302        155
1428        155
2610        155
1314        155
2237        156
1035        156
1693        158
1673        158
2897        159
374         160
2546        161
416         161
1847        162
215         163
1009        163
1179        163
1898        163
559         164
886         165
2796        165
814         166
2888        166
891         167
1325        167
1450        168
1579        168
2559        169
932         169
187         169
1346        169
312         170
1260        170
2860        170
2450        171
1208        171
1014        172
548         172
706         173
260         174
1697        175
1105        176
2890        177
2178        179
1668        180
64          180
2074        182
108         182
1883        182
1885        182
2692        182
2244        183
292         183
2050        187
672         187
1821        187
863         187
2640        187
1182        188
28          189
2402        192
2433        192
1424        192
2057        193
2157        193
255         193
2322        194
1102        196
35          197
1967        198
1310        199
1468        200
617         201
1406        201
2625        201
2260        202
1840        204
2605        204
586         207
2198        208
412         210
2054        211
1846        211
2201        212
853         213
1521        216
2418        218
2156        220
2484        221
1761        224
455         226
2673        227
666         229
2779        230
422         236
1870        237
1598        239
429         240
1988        240
1474        242
1205        242
103         242
682         243
1522        246
2562        249
1504        250
2359        250
2769        252
2200        253
2321        254
1150        255
2405        258
1842        259
1540        259
864         261
21          264
1354        266
1499        266
1889        268
764         273
1577        275
139         277
1651        279
2183        285
1549        286
935         288
2716        293
492         302
238         306
2084        307
2335        311
1392        324
25          325
2076        326
2869        331
508         340
708         345
1378        345
1360        372
809         395
711         400
220         401
1259        402
281         407
151         410
786         418
1560        420
219         431
2837        442
2522        442
2416        444
1072        477
1038        480
2042        488
1339        505
1077        510
6           540
2524        559
2693        564
1101        573
1341        581
957         589
1610        606
1886        630
1867        658
1445        683
2060        688
2091        696
2891        832
703        1938
2217       2085
428        2616
1735       3394
2671       4258
593     5356927